82
29
231
172
167
204
93
55
226
177
112
52
50
26
22
150
56
115
93
197
112
254
53
152
123
253
145
99
128
13
223
187
70
136
254
73
200
113
19
126
97
72
128
172
191
139
102
255
67
92
35
47
78
156
80
63
49
115
36
157
141
144
170
197
22
91
139
110
162
49
229
81
135
93
54
236
213
208
69
88
233
82
187
114
98
117
65
144
7
108
37
116
255
112
122
22
237
66
98
72
125
157
60
50
120
168
167
188
176
196
94
23
94
194
81
45
93
175
2
168
170
92
200
155
250
10
244
162
175
55
116
161
149
127
179
207
209
169
90
143
34
248
61
246
143
246
13
138
176
251
18
158
145
192
226
239
224
170
35
