0
195
178
92
179
199
219
211
78
37
247
220
110
141
194
176
211
128
173
143
136
97
167
239
167
224
176
227
136
82
134
50
241
7
76
202
158
190
104
152
31
236
75
21
248
207
17
38
110
143
225
126
225
147
194
164
39
252
86
152
154
146
125
90
80
248
198
62
31
17
95
49
215
32
139
125
175
112
218
101
17
40
149
51
93
22
192
160
250
151
168
168
240
140
98
50
101
212
151
8
65
227
54
137
213
226
234
145
98
141
246
22
33
54
73
23
44
191
68
248
231
9
137
75
223
72
99
237
123
177
104
216
248
167
218
14
139
225
30
64
73
252
113
104
245
18
21
211
125
233
145
227
164
119
60
157
33
168
1
206
209
226
249
33
35
249
167
165
9
247
215
88
9
1
239
208
135
129
11
204
55
255
119
226
62
172
64
54
175
160
232
183
210
85
121
150
1
207
180
243
114
59
1
32
232
99
247
111
12
250
11
60
195
125
144
61
156
208
46
252
72
250
194
209
202
215
96
9
25
93
110
124
84
228
92
253
68
152
110
128
164
155
149
52
236
17
21
23
37
97
84
20
135
219
125
16
175
128
40
183
100
193
33
120
13
251
9
33
253
239
87
141
59
105
103
183
14
164
235
179
252
166
106
203
146
222
184
64
225
141
249
123
141
192
41
224
169
41
36
101
43
129
156
52
215
92
224
45
77
3
97
41
186
140
197
133
169
36
